Classifier   Accuracy  Std
LR:          0.809438 (0.001153)
NB:          0.385075 (0.008590)
LDA:         0.808275 (0.001491)
KNN:         0.788863 (0.002494)
CART:        0.752587 (0.004872)